shape_id,shape_pt_lat,shape_pt_lon,shape_pt_sequence,shape_dist_traveled
S1_0,40.8681,-73.918,1,0.0
S1_0,40.867833,-73.918333,2,0.041
S1_0,40.867567,-73.918667,3,0.082
S1_0,40.8673,-73.919,4,0.122
S1_0,40.867033,-73.919333,5,0.163
S1_0,40.866767,-73.919667,6,0.204
S1_0,40.8665,-73.92,7,0.245
S1_0,40.865517,-73.9209,8,0.378
S1_0,40.864533,-73.9218,9,0.511
S1_0,40.86355,-73.9227,10,0.644
S1_0,40.862567,-73.9236,11,0.777
S1_0,40.861583,-73.9245,12,0.91
S1_0,40.8606,-73.9254,13,1.043
S1_0,40.859,-73.926,14,1.228
S1_0,40.8574,-73.9266,15,1.413
S1_0,40.8558,-73.9272,16,1.597
S1_0,40.8542,-73.9278,17,1.782
S1_0,40.8526,-73.9284,18,1.967
S1_0,40.851,-73.929,19,2.152
S1_0,40.8438,-73.931767,20,2.986
S1_0,40.8366,-73.934533,21,3.82
S1_0,40.8294,-73.9373,22,4.654
S1_0,40.8222,-73.940067,23,5.487
S1_0,40.815,-73.942833,24,6.321
S1_0,40.8078,-73.9456,25,7.155
S1_0,40.80775,-73.947833,26,7.343
S1_0,40.8077,-73.950067,27,7.531
S1_0,40.80765,-73.9523,28,7.719
S1_0,40.8076,-73.954533,29,7.907
S1_0,40.80755,-73.956767,30,8.095
S1_0,40.8075,-73.959,31,8.283
S1_0,40.807433,-73.959883,32,8.358
S1_0,40.807367,-73.960767,33,8.433
S1_0,40.8073,-73.96165,34,8.507
S1_0,40.807233,-73.962533,35,8.582
S1_0,40.807167,-73.963417,36,8.657
S1_0,40.8071,-73.9643,37,8.731
S1_0,40.80475,-73.965667,38,9.017
S1_0,40.8024,-73.967033,39,9.302
S1_0,40.80005,-73.9684,40,9.588
S1_0,40.7977,-73.969767,41,9.873
S1_0,40.79535,-73.971133,42,10.159
S1_0,40.793,-73.9725,43,10.444
S1_0,40.79065,-73.974067,44,10.737
S1_0,40.7883,-73.975633,45,11.03
S1_0,40.78595,-73.9772,46,11.323
S1_0,40.7836,-73.978767,47,11.615
S1_0,40.78125,-73.980333,48,11.908
S1_0,40.7789,-73.9819,49,12.201
S1_0,40.777833,-73.982167,50,12.321
S1_0,40.776767,-73.982433,51,12.442
S1_0,40.7757,-73.9827,52,12.563
S1_0,40.774633,-73.982967,53,12.684
S1_0,40.773567,-73.983233,54,12.804
S1_0,40.7725,-73.9835,55,12.925
S1_0,40.771767,-73.983233,56,13.01
S1_0,40.771033,-73.982967,57,13.094
S1_0,40.7703,-73.9827,58,13.179
S1_0,40.769567,-73.982433,59,13.263
S1_0,40.768833,-73.982167,60,13.348
S1_0,40.7681,-73.9819,61,13.432
S1_0,40.767083,-73.98225,62,13.549
S1_0,40.766067,-73.9826,63,13.666
S1_0,40.76505,-73.98295,64,13.783
S1_0,40.764033,-73.9833,65,13.9
S1_0,40.763017,-73.98365,66,14.017
S1_0,40.762,-73.984,67,14.133
S1_0,40.760883,-73.9845,68,14.265
S1_0,40.759767,-73.985,69,14.396
S1_0,40.75865,-73.9855,70,14.527
S1_0,40.757533,-73.986,71,14.658
S1_0,40.756417,-73.9865,72,14.789
S1_0,40.7553,-73.987,73,14.92
S1_0,40.75475,-73.98725,74,14.985
S1_0,40.7542,-73.9875,75,15.05
S1_0,40.75365,-73.98775,76,15.114
S1_0,40.7531,-73.988,77,15.179
S1_0,40.75255,-73.98825,78,15.244
S1_0,40.752,-73.9885,79,15.308
S1_0,40.751617,-73.988367,80,15.352
S1_0,40.751233,-73.988233,81,15.396
S1_0,40.75085,-73.9881,82,15.44
S1_0,40.750467,-73.987967,83,15.485
S1_0,40.750083,-73.987833,84,15.529
S1_0,40.7497,-73.9877,85,15.573
S1_0,40.748417,-73.987683,86,15.715
S1_0,40.747133,-73.987667,87,15.858
S1_0,40.74585,-73.98765,88,16.001
S1_0,40.744567,-73.987633,89,16.144
S1_0,40.743283,-73.987617,90,16.286
S1_0,40.742,-73.9876,91,16.429
S1_0,40.740983,-73.9881,92,16.55
S1_0,40.739967,-73.9886,93,16.67
S1_0,40.73895,-73.9891,94,16.791
S1_0,40.737933,-73.9896,95,16.912
S1_0,40.736917,-73.9901,96,17.032
S1_0,40.7359,-73.9906,97,17.153
S1_0,40.73475,-73.9915,98,17.301
S1_0,40.7336,-73.9924,99,17.45
S1_0,40.73245,-73.9933,100,17.599
S1_0,40.7313,-73.9942,101,17.747
S1_0,40.73015,-73.9951,102,17.896
S1_0,40.729,-73.996,103,18.045
S1_0,40.7293,-73.996217,104,18.083
S1_0,40.7296,-73.996433,105,18.121
S1_0,40.7299,-73.99665,106,18.159
S1_0,40.7302,-73.996867,107,18.197
S1_0,40.7305,-73.997083,108,18.235
S1_0,40.7308,-73.9973,109,18.273
S1_0,40.7295,-73.99775,110,18.422
S1_0,40.7282,-73.9982,111,18.572
S1_0,40.7269,-73.99865,112,18.721
S1_0,40.7256,-73.9991,113,18.871
S1_0,40.7243,-73.99955,114,19.02
S1_0,40.723,-74.0,115,19.17
S1_0,40.72325,-74.000167,116,19.201
S1_0,40.7235,-74.000333,117,19.232
S1_0,40.72375,-74.0005,118,19.263
S1_0,40.724,-74.000667,119,19.294
S1_0,40.72425,-74.000833,120,19.325
S1_0,40.7245,-74.001,121,19.357
S1_0,40.723583,-74.001133,122,19.459
S1_0,40.722667,-74.001267,123,19.562
S1_0,40.72175,-74.0014,124,19.664
S1_0,40.720833,-74.001533,125,19.767
S1_0,40.719917,-74.001667,126,19.869
S1_0,40.719,-74.0018,127,19.972
S1_0,40.7185,-74.002333,128,20.043
S1_0,40.718,-74.002867,129,20.115
S1_0,40.7175,-74.0034,130,20.186
S1_0,40.717,-74.003933,131,20.258
S1_0,40.7165,-74.004467,132,20.329
S1_0,40.716,-74.005,133,20.401
S1_0,40.7155,-74.0052,134,20.459
S1_0,40.715,-74.0054,135,20.517
S1_0,40.7145,-74.0056,136,20.575
S1_0,40.714,-74.0058,137,20.633
S1_0,40.7135,-74.006,138,20.691
S1_0,40.713,-74.0062,139,20.749
S1_0,40.71295,-74.006817,140,20.802
S1_0,40.7129,-74.007433,141,20.854
S1_0,40.71285,-74.00805,142,20.906
S1_0,40.7128,-74.008667,143,20.958
S1_0,40.71275,-74.009283,144,21.011
S1_0,40.7127,-74.0099,145,21.063
S1_1,40.7127,-74.0099,1,0.0
S1_1,40.71275,-74.009283,2,0.052
S1_1,40.7128,-74.008667,3,0.105
S1_1,40.71285,-74.00805,4,0.157
S1_1,40.7129,-74.007433,5,0.209
S1_1,40.71295,-74.006817,6,0.261
S1_1,40.713,-74.0062,7,0.314
S1_1,40.7135,-74.006,8,0.372
S1_1,40.714,-74.0058,9,0.43
S1_1,40.7145,-74.0056,10,0.488
S1_1,40.715,-74.0054,11,0.546
S1_1,40.7155,-74.0052,12,0.604
S1_1,40.716,-74.005,13,0.662
S1_1,40.7165,-74.004467,14,0.734
S1_1,40.717,-74.003933,15,0.805
S1_1,40.7175,-74.0034,16,0.877
S1_1,40.718,-74.002867,17,0.948
S1_1,40.7185,-74.002333,18,1.02
S1_1,40.719,-74.0018,19,1.091
S1_1,40.719917,-74.001667,20,1.194
S1_1,40.720833,-74.001533,21,1.296
S1_1,40.72175,-74.0014,22,1.399
S1_1,40.722667,-74.001267,23,1.501
S1_1,40.723583,-74.001133,24,1.604
S1_1,40.7245,-74.001,25,1.706
S1_1,40.72425,-74.000833,26,1.738
S1_1,40.724,-74.000667,27,1.769
S1_1,40.72375,-74.0005,28,1.8
S1_1,40.7235,-74.000333,29,1.831
S1_1,40.72325,-74.000167,30,1.862
S1_1,40.723,-74.0,31,1.893
S1_1,40.7243,-73.99955,32,2.043
S1_1,40.7256,-73.9991,33,2.192
S1_1,40.7269,-73.99865,34,2.342
S1_1,40.7282,-73.9982,35,2.491
S1_1,40.7295,-73.99775,36,2.641
S1_1,40.7308,-73.9973,37,2.79
S1_1,40.7305,-73.997083,38,2.828
S1_1,40.7302,-73.996867,39,2.866
S1_1,40.7299,-73.99665,40,2.904
S1_1,40.7296,-73.996433,41,2.942
S1_1,40.7293,-73.996217,42,2.98
S1_1,40.729,-73.996,43,3.018
S1_1,40.73015,-73.9951,44,3.167
S1_1,40.7313,-73.9942,45,3.316
S1_1,40.73245,-73.9933,46,3.464
S1_1,40.7336,-73.9924,47,3.613
S1_1,40.73475,-73.9915,48,3.762
S1_1,40.7359,-73.9906,49,3.91
S1_1,40.736917,-73.9901,50,4.031
S1_1,40.737933,-73.9896,51,4.151
S1_1,40.73895,-73.9891,52,4.272
S1_1,40.739967,-73.9886,53,4.393
S1_1,40.740983,-73.9881,54,4.513
S1_1,40.742,-73.9876,55,4.634
S1_1,40.743283,-73.987617,56,4.777
S1_1,40.744567,-73.987633,57,4.919
S1_1,40.74585,-73.98765,58,5.062
S1_1,40.747133,-73.987667,59,5.205
S1_1,40.748417,-73.987683,60,5.348
S1_1,40.7497,-73.9877,61,5.49
S1_1,40.750083,-73.987833,62,5.534
S1_1,40.750467,-73.987967,63,5.578
S1_1,40.75085,-73.9881,64,5.623
S1_1,40.751233,-73.988233,65,5.667
S1_1,40.751617,-73.988367,66,5.711
S1_1,40.752,-73.9885,67,5.755
S1_1,40.75255,-73.98825,68,5.819
S1_1,40.7531,-73.988,69,5.884
S1_1,40.75365,-73.98775,70,5.949
S1_1,40.7542,-73.9875,71,6.013
S1_1,40.75475,-73.98725,72,6.078
S1_1,40.7553,-73.987,73,6.143
S1_1,40.756417,-73.9865,74,6.274
S1_1,40.757533,-73.986,75,6.405
S1_1,40.75865,-73.9855,76,6.536
S1_1,40.759767,-73.985,77,6.667
S1_1,40.760883,-73.9845,78,6.798
S1_1,40.762,-73.984,79,6.93
S1_1,40.763017,-73.98365,80,7.046
S1_1,40.764033,-73.9833,81,7.163
S1_1,40.76505,-73.98295,82,7.28
S1_1,40.766067,-73.9826,83,7.397
S1_1,40.767083,-73.98225,84,7.514
S1_1,40.7681,-73.9819,85,7.63
S1_1,40.768833,-73.982167,86,7.715
S1_1,40.769567,-73.982433,87,7.8
S1_1,40.7703,-73.9827,88,7.884
S1_1,40.771033,-73.982967,89,7.969
S1_1,40.771767,-73.983233,90,8.053
S1_1,40.7725,-73.9835,91,8.138
S1_1,40.773567,-73.983233,92,8.259
S1_1,40.774633,-73.982967,93,8.379
S1_1,40.7757,-73.9827,94,8.5
S1_1,40.776767,-73.982433,95,8.621
S1_1,40.777833,-73.982167,96,8.742
S1_1,40.7789,-73.9819,97,8.862
S1_1,40.78125,-73.980333,98,9.155
S1_1,40.7836,-73.978767,99,9.448
S1_1,40.78595,-73.9772,100,9.74
S1_1,40.7883,-73.975633,101,10.033
S1_1,40.79065,-73.974067,102,10.326
S1_1,40.793,-73.9725,103,10.619
S1_1,40.79535,-73.971133,104,10.904
S1_1,40.7977,-73.969767,105,11.19
S1_1,40.80005,-73.9684,106,11.475
S1_1,40.8024,-73.967033,107,11.761
S1_1,40.80475,-73.965667,108,12.046
S1_1,40.8071,-73.9643,109,12.332
S1_1,40.807167,-73.963417,110,12.406
S1_1,40.807233,-73.962533,111,12.481
S1_1,40.8073,-73.96165,112,12.556
S1_1,40.807367,-73.960767,113,12.63
S1_1,40.807433,-73.959883,114,12.705
S1_1,40.8075,-73.959,115,12.78
S1_1,40.80755,-73.956767,116,12.968
S1_1,40.8076,-73.954533,117,13.156
S1_1,40.80765,-73.9523,118,13.344
S1_1,40.8077,-73.950067,119,13.532
S1_1,40.80775,-73.947833,120,13.72
S1_1,40.8078,-73.9456,121,13.908
S1_1,40.815,-73.942833,122,14.742
S1_1,40.8222,-73.940067,123,15.576
S1_1,40.8294,-73.9373,124,16.409
S1_1,40.8366,-73.934533,125,17.243
S1_1,40.8438,-73.931767,126,18.077
S1_1,40.851,-73.929,127,18.911
S1_1,40.8526,-73.9284,128,19.096
S1_1,40.8542,-73.9278,129,19.281
S1_1,40.8558,-73.9272,130,19.465
S1_1,40.8574,-73.9266,131,19.65
S1_1,40.859,-73.926,132,19.835
S1_1,40.8606,-73.9254,133,20.02
S1_1,40.861583,-73.9245,134,20.153
S1_1,40.862567,-73.9236,135,20.286
S1_1,40.86355,-73.9227,136,20.419
S1_1,40.864533,-73.9218,137,20.552
S1_1,40.865517,-73.9209,138,20.685
S1_1,40.8665,-73.92,139,20.818
S1_1,40.866767,-73.919667,140,20.859
S1_1,40.867033,-73.919333,141,20.9
S1_1,40.8673,-73.919,142,20.941
S1_1,40.867567,-73.918667,143,20.981
S1_1,40.867833,-73.918333,144,21.022
S1_1,40.8681,-73.918,145,21.063
S2_0,40.775,-73.912,1,0.0
S2_0,40.774167,-73.91275,2,0.112
S2_0,40.773333,-73.9135,3,0.224
S2_0,40.7725,-73.91425,4,0.336
S2_0,40.771667,-73.915,5,0.449
S2_0,40.770833,-73.91575,6,0.561
S2_0,40.77,-73.9165,7,0.673
S2_0,40.769467,-73.917283,8,0.762
S2_0,40.768933,-73.918067,9,0.85
S2_0,40.7684,-73.91885,10,0.939
S2_0,40.767867,-73.919633,11,1.028
S2_0,40.767333,-73.920417,12,1.116
S2_0,40.7668,-73.9212,13,1.205
S2_0,40.765333,-73.922417,14,1.398
S2_0,40.763867,-73.923633,15,1.59
S2_0,40.7624,-73.92485,16,1.783
S2_0,40.760933,-73.926067,17,1.975
S2_0,40.759467,-73.927283,18,2.168
S2_0,40.758,-73.9285,19,2.361
S2_0,40.756733,-73.930467,20,2.578
S2_0,40.755467,-73.932433,21,2.796
S2_0,40.7542,-73.9344,22,3.013
S2_0,40.752933,-73.936367,23,3.23
S2_0,40.751667,-73.938333,24,3.448
S2_0,40.7504,-73.9403,25,3.665
S2_0,40.749917,-73.940833,26,3.735
S2_0,40.749433,-73.941367,27,3.805
S2_0,40.74895,-73.9419,28,3.875
S2_0,40.748467,-73.942433,29,3.946
S2_0,40.747983,-73.942967,30,4.016
S2_0,40.7475,-73.9435,31,4.086
S2_0,40.746967,-73.9444,32,4.182
S2_0,40.746433,-73.9453,33,4.278
S2_0,40.7459,-73.9462,34,4.374
S2_0,40.745367,-73.9471,35,4.471
S2_0,40.744833,-73.948,36,4.567
S2_0,40.7443,-73.9489,37,4.663
S2_0,40.74475,-73.949333,38,4.725
S2_0,40.7452,-73.949767,39,4.787
S2_0,40.74565,-73.9502,40,4.849
S2_0,40.7461,-73.950633,41,4.911
S2_0,40.74655,-73.951067,42,4.973
S2_0,40.747,-73.9515,43,5.035
S2_0,40.747667,-73.95325,44,5.2
S2_0,40.748333,-73.955,45,5.365
S2_0,40.749,-73.95675,46,5.53
S2_0,40.749667,-73.9585,47,5.695
S2_0,40.750333,-73.96025,48,5.86
S2_0,40.751,-73.962,49,6.025
S2_0,40.751283,-73.964533,50,6.241
S2_0,40.751567,-73.967067,51,6.456
S2_0,40.75185,-73.9696,52,6.672
S2_0,40.752133,-73.972133,53,6.888
S2_0,40.752417,-73.974667,54,7.103
S2_0,40.7527,-73.9772,55,7.319
S2_0,40.751417,-73.978167,56,7.483
S2_0,40.750133,-73.979133,57,7.648
S2_0,40.74885,-73.9801,58,7.812
S2_0,40.747567,-73.981067,59,7.976
S2_0,40.746283,-73.982033,60,8.141
S2_0,40.745,-73.983,61,8.305
S2_0,40.743483,-73.984267,62,8.504
S2_0,40.741967,-73.985533,63,8.704
S2_0,40.74045,-73.9868,64,8.904
S2_0,40.738933,-73.988067,65,9.103
S2_0,40.737417,-73.989333,66,9.303
S2_0,40.7359,-73.9906,67,9.502
S2_0,40.734667,-73.99,68,9.648
S2_0,40.733433,-73.9894,69,9.795
S2_0,40.7322,-73.9888,70,9.941
S2_0,40.730967,-73.9882,71,10.087
S2_0,40.729733,-73.9876,72,10.233
S2_0,40.7285,-73.987,73,10.379
S2_0,40.728417,-73.9868,74,10.399
S2_0,40.728333,-73.9866,75,10.418
S2_0,40.72825,-73.9864,76,10.437
S2_0,40.728167,-73.9862,77,10.456
S2_0,40.728083,-73.986,78,10.475
S2_0,40.728,-73.9858,79,10.495
S2_0,40.726217,-73.984967,80,10.705
S2_0,40.724433,-73.984133,81,10.915
S2_0,40.72265,-73.9833,82,11.126
S2_0,40.720867,-73.982467,83,11.336
S2_0,40.719083,-73.981633,84,11.547
S2_0,40.7173,-73.9808,85,11.757
S2_0,40.716667,-73.98175,86,11.864
S2_0,40.716033,-73.9827,87,11.97
S2_0,40.7154,-73.98365,88,12.077
S2_0,40.714767,-73.9846,89,12.183
S2_0,40.714133,-73.98555,90,12.29
S2_0,40.7135,-73.9865,91,12.397
S2_0,40.713083,-73.984583,92,12.565
S2_0,40.712667,-73.982667,93,12.733
S2_0,40.71225,-73.98075,94,12.901
S2_0,40.711833,-73.978833,95,13.069
S2_0,40.711417,-73.976917,96,13.237
S2_0,40.711,-73.975,97,13.405
S2_0,40.710667,-73.97325,98,13.557
S2_0,40.710333,-73.9715,99,13.709
S2_0,40.71,-73.96975,100,13.861
S2_0,40.709667,-73.968,101,14.013
S2_0,40.709333,-73.96625,102,14.165
S2_0,40.709,-73.9645,103,14.318
S2_0,40.708883,-73.963267,104,14.422
S2_0,40.708767,-73.962033,105,14.527
S2_0,40.70865,-73.9608,106,14.632
S2_0,40.708533,-73.959567,107,14.737
S2_0,40.708417,-73.958333,108,14.841
S2_0,40.7083,-73.9571,109,14.946
S2_0,40.708,-73.957417,110,14.989
S2_0,40.7077,-73.957733,111,15.032
S2_0,40.7074,-73.95805,112,15.074
S2_0,40.7071,-73.958367,113,15.117
S2_0,40.7068,-73.958683,114,15.16
S2_0,40.7065,-73.959,115,15.203
S2_0,40.70625,-73.960167,116,15.305
S2_0,40.706,-73.961333,117,15.407
S2_0,40.70575,-73.9625,118,15.509
S2_0,40.7055,-73.963667,119,15.611
S2_0,40.70525,-73.964833,120,15.713
S2_0,40.705,-73.966,121,15.816
S2_0,40.70475,-73.968,122,15.987
S2_0,40.7045,-73.97,123,16.157
S2_0,40.70425,-73.972,124,16.328
S2_0,40.704,-73.974,125,16.499
S2_0,40.70375,-73.976,126,16.67
S2_0,40.7035,-73.978,127,16.841
S2_0,40.703467,-73.980517,128,17.053
S2_0,40.703433,-73.983033,129,17.265
S2_0,40.7034,-73.98555,130,17.477
S2_0,40.703367,-73.988067,131,17.69
S2_0,40.703333,-73.990583,132,17.902
S2_0,40.7033,-73.9931,133,18.114
S2_0,40.702417,-73.992417,134,18.228
S2_0,40.701533,-73.991733,135,18.342
S2_0,40.70065,-73.99105,136,18.456
S2_0,40.699767,-73.990367,137,18.569
S2_0,40.698883,-73.989683,138,18.683
S2_0,40.698,-73.989,139,18.797
S2_0,40.697117,-73.98905,140,18.895
S2_0,40.696233,-73.9891,141,18.994
S2_0,40.69535,-73.98915,142,19.092
S2_0,40.694467,-73.9892,143,19.19
S2_0,40.693583,-73.98925,144,19.289
S2_0,40.6927,-73.9893,145,19.387
S2_1,40.6927,-73.9893,1,0.0
S2_1,40.693583,-73.98925,2,0.098
S2_1,40.694467,-73.9892,3,0.197
S2_1,40.69535,-73.98915,4,0.295
S2_1,40.696233,-73.9891,5,0.393
S2_1,40.697117,-73.98905,6,0.492
S2_1,40.698,-73.989,7,0.59
S2_1,40.698883,-73.989683,8,0.704
S2_1,40.699767,-73.990367,9,0.818
S2_1,40.70065,-73.99105,10,0.931
S2_1,40.701533,-73.991733,11,1.045
S2_1,40.702417,-73.992417,12,1.159
S2_1,40.7033,-73.9931,13,1.273
S2_1,40.703333,-73.990583,14,1.485
S2_1,40.703367,-73.988067,15,1.697
S2_1,40.7034,-73.98555,16,1.91
S2_1,40.703433,-73.983033,17,2.122
S2_1,40.703467,-73.980517,18,2.334
S2_1,40.7035,-73.978,19,2.546
S2_1,40.70375,-73.976,20,2.717
S2_1,40.704,-73.974,21,2.888
S2_1,40.70425,-73.972,22,3.059
S2_1,40.7045,-73.97,23,3.23
S2_1,40.70475,-73.968,24,3.4
S2_1,40.705,-73.966,25,3.571
S2_1,40.70525,-73.964833,26,3.674
S2_1,40.7055,-73.963667,27,3.776
S2_1,40.70575,-73.9625,28,3.878
S2_1,40.706,-73.961333,29,3.98
S2_1,40.70625,-73.960167,30,4.082
S2_1,40.7065,-73.959,31,4.185
S2_1,40.7068,-73.958683,32,4.227
S2_1,40.7071,-73.958367,33,4.27
S2_1,40.7074,-73.95805,34,4.313
S2_1,40.7077,-73.957733,35,4.355
S2_1,40.708,-73.957417,36,4.398
S2_1,40.7083,-73.9571,37,4.441
S2_1,40.708417,-73.958333,38,4.546
S2_1,40.708533,-73.959567,39,4.65
S2_1,40.70865,-73.9608,40,4.755
S2_1,40.708767,-73.962033,41,4.86
S2_1,40.708883,-73.963267,42,4.965
S2_1,40.709,-73.9645,43,5.069
S2_1,40.709333,-73.96625,44,5.222
S2_1,40.709667,-73.968,45,5.374
S2_1,40.71,-73.96975,46,5.526
S2_1,40.710333,-73.9715,47,5.678
S2_1,40.710667,-73.97325,48,5.83
S2_1,40.711,-73.975,49,5.982
S2_1,40.711417,-73.976917,50,6.15
S2_1,40.711833,-73.978833,51,6.318
S2_1,40.71225,-73.98075,52,6.486
S2_1,40.712667,-73.982667,53,6.654
S2_1,40.713083,-73.984583,54,6.822
S2_1,40.7135,-73.9865,55,6.99
S2_1,40.714133,-73.98555,56,7.097
S2_1,40.714767,-73.9846,57,7.204
S2_1,40.7154,-73.98365,58,7.31
S2_1,40.716033,-73.9827,59,7.417
S2_1,40.716667,-73.98175,60,7.524
S2_1,40.7173,-73.9808,61,7.63
S2_1,40.719083,-73.981633,62,7.84
S2_1,40.720867,-73.982467,63,8.051
S2_1,40.72265,-73.9833,64,8.261
S2_1,40.724433,-73.984133,65,8.472
S2_1,40.726217,-73.984967,66,8.682
S2_1,40.728,-73.9858,67,8.892
S2_1,40.728083,-73.986,68,8.912
S2_1,40.728167,-73.9862,69,8.931
S2_1,40.72825,-73.9864,70,8.95
S2_1,40.728333,-73.9866,71,8.969
S2_1,40.728417,-73.9868,72,8.988
S2_1,40.7285,-73.987,73,9.008
S2_1,40.729733,-73.9876,74,9.154
S2_1,40.730967,-73.9882,75,9.3
S2_1,40.7322,-73.9888,76,9.446
S2_1,40.733433,-73.9894,77,9.592
S2_1,40.734667,-73.99,78,9.739
S2_1,40.7359,-73.9906,79,9.885
S2_1,40.737417,-73.989333,80,10.084
S2_1,40.738933,-73.988067,81,10.284
S2_1,40.74045,-73.9868,82,10.483
S2_1,40.741967,-73.985533,83,10.683
S2_1,40.743483,-73.984267,84,10.883
S2_1,40.745,-73.983,85,11.082
S2_1,40.746283,-73.982033,86,11.246
S2_1,40.747567,-73.981067,87,11.411
S2_1,40.74885,-73.9801,88,11.575
S2_1,40.750133,-73.979133,89,11.739
S2_1,40.751417,-73.978167,90,11.904
S2_1,40.7527,-73.9772,91,12.068
S2_1,40.752417,-73.974667,92,12.284
S2_1,40.752133,-73.972133,93,12.499
S2_1,40.75185,-73.9696,94,12.715
S2_1,40.751567,-73.967067,95,12.931
S2_1,40.751283,-73.964533,96,13.146
S2_1,40.751,-73.962,97,13.362
S2_1,40.750333,-73.96025,98,13.527
S2_1,40.749667,-73.9585,99,13.692
S2_1,40.749,-73.95675,100,13.857
S2_1,40.748333,-73.955,101,14.022
S2_1,40.747667,-73.95325,102,14.187
S2_1,40.747,-73.9515,103,14.352
S2_1,40.74655,-73.951067,104,14.414
S2_1,40.7461,-73.950633,105,14.476
S2_1,40.74565,-73.9502,106,14.538
S2_1,40.7452,-73.949767,107,14.6
S2_1,40.74475,-73.949333,108,14.662
S2_1,40.7443,-73.9489,109,14.724
S2_1,40.744833,-73.948,110,14.82
S2_1,40.745367,-73.9471,111,14.916
S2_1,40.7459,-73.9462,112,15.013
S2_1,40.746433,-73.9453,113,15.109
S2_1,40.746967,-73.9444,114,15.205
S2_1,40.7475,-73.9435,115,15.301
S2_1,40.747983,-73.942967,116,15.371
S2_1,40.748467,-73.942433,117,15.441
S2_1,40.74895,-73.9419,118,15.512
S2_1,40.749433,-73.941367,119,15.582
S2_1,40.749917,-73.940833,120,15.652
S2_1,40.7504,-73.9403,121,15.722
S2_1,40.751667,-73.938333,122,15.939
S2_1,40.752933,-73.936367,123,16.157
S2_1,40.7542,-73.9344,124,16.374
S2_1,40.755467,-73.932433,125,16.591
S2_1,40.756733,-73.930467,126,16.809
S2_1,40.758,-73.9285,127,17.026
S2_1,40.759467,-73.927283,128,17.219
S2_1,40.760933,-73.926067,129,17.412
S2_1,40.7624,-73.92485,130,17.604
S2_1,40.763867,-73.923633,131,17.797
S2_1,40.765333,-73.922417,132,17.989
S2_1,40.7668,-73.9212,133,18.182
S2_1,40.767333,-73.920417,134,18.271
S2_1,40.767867,-73.919633,135,18.359
S2_1,40.7684,-73.91885,136,18.448
S2_1,40.768933,-73.918067,137,18.537
S2_1,40.769467,-73.917283,138,18.625
S2_1,40.77,-73.9165,139,18.714
S2_1,40.770833,-73.91575,140,18.826
S2_1,40.771667,-73.915,141,18.938
S2_1,40.7725,-73.91425,142,19.051
S2_1,40.773333,-73.9135,143,19.163
S2_1,40.774167,-73.91275,144,19.275
S2_1,40.775,-73.912,145,19.387
S3_0,40.6927,-73.9893,1,0.0
S3_0,40.6913,-73.9874,2,0.223
S3_0,40.6899,-73.9855,3,0.447
S3_0,40.6885,-73.9836,4,0.67
S3_0,40.6871,-73.9817,5,0.894
S3_0,40.6857,-73.9798,6,1.117
S3_0,40.6843,-73.9779,7,1.34
S3_0,40.68305,-73.9768,8,1.507
S3_0,40.6818,-73.9757,9,1.674
S3_0,40.68055,-73.9746,10,1.842
S3_0,40.6793,-73.9735,11,2.009
S3_0,40.67805,-73.9724,12,2.176
S3_0,40.6768,-73.9713,13,2.343
S3_0,40.674167,-73.97075,14,2.639
S3_0,40.671533,-73.9702,15,2.936
S3_0,40.6689,-73.96965,16,3.232
S3_0,40.666267,-73.9691,17,3.529
S3_0,40.663633,-73.96855,18,3.825
S3_0,40.661,-73.968,19,4.122
S3_0,40.660167,-73.967667,20,4.219
S3_0,40.659333,-73.967333,21,4.315
S3_0,40.6585,-73.967,22,4.412
S3_0,40.657667,-73.966667,23,4.509
S3_0,40.656833,-73.966333,24,4.606
S3_0,40.656,-73.966,25,4.703
S3_0,40.655067,-73.965367,26,4.819
S3_0,40.654133,-73.964733,27,4.936
S3_0,40.6532,-73.9641,28,5.053
S3_0,40.652267,-73.963467,29,5.17
S3_0,40.651333,-73.962833,30,5.286
S3_0,40.6504,-73.9622,31,5.403
S3_0,40.647833,-73.962,32,5.689
S3_0,40.645267,-73.9618,33,5.975
S3_0,40.6427,-73.9616,34,6.261
S3_0,40.640133,-73.9614,35,6.547
S3_0,40.637567,-73.9612,36,6.833
S3_0,40.635,-73.961,37,7.118
S3_0,40.6325,-73.960667,38,7.398
S3_0,40.63,-73.960333,39,7.677
S3_0,40.6275,-73.96,40,7.957
S3_0,40.625,-73.959667,41,8.236
S3_0,40.6225,-73.959333,42,8.515
S3_0,40.62,-73.959,43,8.795
S3_0,40.618083,-73.958667,44,9.01
S3_0,40.616167,-73.958333,45,9.225
S3_0,40.61425,-73.958,46,9.44
S3_0,40.612333,-73.957667,47,9.655
S3_0,40.610417,-73.957333,48,9.87
S3_0,40.6085,-73.957,49,10.085
S3_0,40.60675,-73.956833,50,10.28
S3_0,40.605,-73.956667,51,10.475
S3_0,40.60325,-73.9565,52,10.67
S3_0,40.6015,-73.956333,53,10.865
S3_0,40.59975,-73.956167,54,11.06
S3_0,40.598,-73.956,55,11.255
S3_0,40.5961,-73.9558,56,11.467
S3_0,40.5942,-73.9556,57,11.679
S3_0,40.5923,-73.9554,58,11.891
S3_0,40.5904,-73.9552,59,12.103
S3_0,40.5885,-73.955,60,12.315
S3_0,40.5866,-73.9548,61,12.527
S3_0,40.585667,-73.955,62,12.632
S3_0,40.584733,-73.9552,63,12.737
S3_0,40.5838,-73.9554,64,12.842
S3_0,40.582867,-73.9556,65,12.948
S3_0,40.581933,-73.9558,66,13.053
S3_0,40.581,-73.956,67,13.158
S3_0,40.58045,-73.956933,68,13.258
S3_0,40.5799,-73.957867,69,13.357
S3_0,40.57935,-73.9588,70,13.457
S3_0,40.5788,-73.959733,71,13.557
S3_0,40.57825,-73.960667,72,13.657
S3_0,40.5777,-73.9616,73,13.756
S3_0,40.577333,-73.963167,74,13.895
S3_0,40.576967,-73.964733,75,14.033
S3_0,40.5766,-73.9663,76,14.172
S3_0,40.576233,-73.967867,77,14.31
S3_0,40.575867,-73.969433,78,14.449
S3_0,40.5755,-73.971,79,14.587
S3_0,40.5758,-73.972817,80,14.744
S3_0,40.5761,-73.974633,81,14.901
S3_0,40.5764,-73.97645,82,15.058
S3_0,40.5767,-73.978267,83,15.215
S3_0,40.577,-73.980083,84,15.372
S3_0,40.5773,-73.9819,85,15.529
S3_1,40.5773,-73.9819,1,0.0
S3_1,40.577,-73.980083,2,0.157
S3_1,40.5767,-73.978267,3,0.314
S3_1,40.5764,-73.97645,4,0.471
S3_1,40.5761,-73.974633,5,0.628
S3_1,40.5758,-73.972817,6,0.785
S3_1,40.5755,-73.971,7,0.942
S3_1,40.575867,-73.969433,8,1.081
S3_1,40.576233,-73.967867,9,1.219
S3_1,40.5766,-73.9663,10,1.357
S3_1,40.576967,-73.964733,11,1.496
S3_1,40.577333,-73.963167,12,1.634
S3_1,40.5777,-73.9616,13,1.773
S3_1,40.57825,-73.960667,14,1.873
S3_1,40.5788,-73.959733,15,1.972
S3_1,40.57935,-73.9588,16,2.072
S3_1,40.5799,-73.957867,17,2.172
S3_1,40.58045,-73.956933,18,2.272
S3_1,40.581,-73.956,19,2.371
S3_1,40.581933,-73.9558,20,2.477
S3_1,40.582867,-73.9556,21,2.582
S3_1,40.5838,-73.9554,22,2.687
S3_1,40.584733,-73.9552,23,2.792
S3_1,40.585667,-73.955,24,2.897
S3_1,40.5866,-73.9548,25,3.002
S3_1,40.5885,-73.955,26,3.214
S3_1,40.5904,-73.9552,27,3.426
S3_1,40.5923,-73.9554,28,3.638
S3_1,40.5942,-73.9556,29,3.85
S3_1,40.5961,-73.9558,30,4.062
S3_1,40.598,-73.956,31,4.274
S3_1,40.59975,-73.956167,32,4.469
S3_1,40.6015,-73.956333,33,4.664
S3_1,40.60325,-73.9565,34,4.859
S3_1,40.605,-73.956667,35,5.054
S3_1,40.60675,-73.956833,36,5.249
S3_1,40.6085,-73.957,37,5.445
S3_1,40.610417,-73.957333,38,5.66
S3_1,40.612333,-73.957667,39,5.875
S3_1,40.61425,-73.958,40,6.089
S3_1,40.616167,-73.958333,41,6.304
S3_1,40.618083,-73.958667,42,6.519
S3_1,40.62,-73.959,43,6.734
S3_1,40.6225,-73.959333,44,7.014
S3_1,40.625,-73.959667,45,7.293
S3_1,40.6275,-73.96,46,7.573
S3_1,40.63,-73.960333,47,7.852
S3_1,40.6325,-73.960667,48,8.131
S3_1,40.635,-73.961,49,8.411
S3_1,40.637567,-73.9612,50,8.697
S3_1,40.640133,-73.9614,51,8.983
S3_1,40.6427,-73.9616,52,9.269
S3_1,40.645267,-73.9618,53,9.554
S3_1,40.647833,-73.962,54,9.84
S3_1,40.6504,-73.9622,55,10.126
S3_1,40.651333,-73.962833,56,10.243
S3_1,40.652267,-73.963467,57,10.36
S3_1,40.6532,-73.9641,58,10.476
S3_1,40.654133,-73.964733,59,10.593
S3_1,40.655067,-73.965367,60,10.71
S3_1,40.656,-73.966,61,10.827
S3_1,40.656833,-73.966333,62,10.923
S3_1,40.657667,-73.966667,63,11.02
S3_1,40.6585,-73.967,64,11.117
S3_1,40.659333,-73.967333,65,11.214
S3_1,40.660167,-73.967667,66,11.311
S3_1,40.661,-73.968,67,11.408
S3_1,40.663633,-73.96855,68,11.704
S3_1,40.666267,-73.9691,69,12.001
S3_1,40.6689,-73.96965,70,12.297
S3_1,40.671533,-73.9702,71,12.593
S3_1,40.674167,-73.97075,72,12.89
S3_1,40.6768,-73.9713,73,13.186
S3_1,40.67805,-73.9724,74,13.353
S3_1,40.6793,-73.9735,75,13.521
S3_1,40.68055,-73.9746,76,13.688
S3_1,40.6818,-73.9757,77,13.855
S3_1,40.68305,-73.9768,78,14.022
S3_1,40.6843,-73.9779,79,14.189
S3_1,40.6857,-73.9798,80,14.412
S3_1,40.6871,-73.9817,81,14.636
S3_1,40.6885,-73.9836,82,14.859
S3_1,40.6899,-73.9855,83,15.083
S3_1,40.6913,-73.9874,84,15.306
S3_1,40.6927,-73.9893,85,15.529
B1_0,40.7754,-73.8724,1,0.0
B1_0,40.775333,-73.873333,2,0.079
B1_0,40.775267,-73.874267,3,0.158
B1_0,40.7752,-73.8752,4,0.237
B1_0,40.775133,-73.876133,5,0.316
B1_0,40.775067,-73.877067,6,0.395
B1_0,40.775,-73.878,7,0.474
B1_0,40.774333,-73.88,8,0.658
B1_0,40.773667,-73.882,9,0.842
B1_0,40.773,-73.884,10,1.026
B1_0,40.772333,-73.886,11,1.21
B1_0,40.771667,-73.888,12,1.394
B1_0,40.771,-73.89,13,1.578
B1_0,40.766967,-73.89005,14,2.026
B1_0,40.762933,-73.8901,15,2.475
B1_0,40.7589,-73.89015,16,2.923
B1_0,40.754867,-73.8902,17,3.372
B1_0,40.750833,-73.89025,18,3.82
B1_0,40.7468,-73.8903,19,4.269
B1_0,40.7465,-73.892417,20,4.45
B1_0,40.7462,-73.894533,21,4.632
B1_0,40.7459,-73.89665,22,4.813
B1_0,40.7456,-73.898767,23,4.994
B1_0,40.7453,-73.900883,24,5.176
B1_0,40.745,-73.903,25,5.357
B1_0,40.744583,-73.906617,26,5.665
B1_0,40.744167,-73.910233,27,5.974
B1_0,40.74375,-73.91385,28,6.282
B1_0,40.743333,-73.917467,29,6.59
B1_0,40.742917,-73.921083,30,6.898
B1_0,40.7425,-73.9247,31,7.206
B1_0,40.74255,-73.926583,32,7.365
B1_0,40.7426,-73.928467,33,7.524
B1_0,40.74265,-73.93035,34,7.683
B1_0,40.7427,-73.932233,35,7.841
B1_0,40.74275,-73.934117,36,8.0
B1_0,40.7428,-73.936,37,8.159
B1_0,40.74305,-73.93815,38,8.342
B1_0,40.7433,-73.9403,39,8.525
B1_0,40.74355,-73.94245,40,8.709
B1_0,40.7438,-73.9446,41,8.892
B1_0,40.74405,-73.94675,42,9.075
B1_0,40.7443,-73.9489,43,9.258
B1_0,40.744583,-73.950417,44,9.39
B1_0,40.744867,-73.951933,45,9.522
B1_0,40.74515,-73.95345,46,9.653
B1_0,40.745433,-73.954967,47,9.785
B1_0,40.745717,-73.956483,48,9.916
B1_0,40.746,-73.958,49,10.048
B1_0,40.74675,-73.959667,50,10.211
B1_0,40.7475,-73.961333,51,10.375
B1_0,40.74825,-73.963,52,10.538
B1_0,40.749,-73.964667,53,10.701
B1_0,40.74975,-73.966333,54,10.864
B1_0,40.7505,-73.968,55,11.028
B1_0,40.750867,-73.969533,56,11.163
B1_0,40.751233,-73.971067,57,11.299
B1_0,40.7516,-73.9726,58,11.434
B1_0,40.751967,-73.974133,59,11.57
B1_0,40.752333,-73.975667,60,11.705
B1_0,40.7527,-73.9772,61,11.84
B1_0,40.75285,-73.9782,62,11.926
B1_0,40.753,-73.9792,63,12.012
B1_0,40.75315,-73.9802,64,12.098
B1_0,40.7533,-73.9812,65,12.184
B1_0,40.75345,-73.9822,66,12.27
B1_0,40.7536,-73.9832,67,12.356
B1_0,40.753883,-73.983833,68,12.418
B1_0,40.754167,-73.984467,69,12.48
B1_0,40.75445,-73.9851,70,12.541
B1_0,40.754733,-73.985733,71,12.603
B1_0,40.755017,-73.986367,72,12.665
B1_0,40.7553,-73.987,73,12.727
B1_0,40.754917,-73.988,74,12.822
B1_0,40.754533,-73.989,75,12.916
B1_0,40.75415,-73.99,76,13.011
B1_0,40.753767,-73.991,77,13.105
B1_0,40.753383,-73.992,78,13.199
B1_0,40.753,-73.993,79,13.294
B1_0,40.7526,-73.993083,80,13.339
B1_0,40.7522,-73.993167,81,13.384
B1_0,40.7518,-73.99325,82,13.429
B1_0,40.7514,-73.993333,83,13.474
B1_0,40.751,-73.993417,84,13.519
B1_0,40.7506,-73.9935,85,13.564
B1_0,40.7495,-73.994583,86,13.717
B1_0,40.7484,-73.995667,87,13.869
B1_0,40.7473,-73.99675,88,14.022
B1_0,40.7462,-73.997833,89,14.174
B1_0,40.7451,-73.998917,90,14.327
B1_0,40.744,-74.0,91,14.48
B1_0,40.743717,-74.001,92,14.57
B1_0,40.743433,-74.002,93,14.659
B1_0,40.74315,-74.003,94,14.749
B1_0,40.742867,-74.004,95,14.839
B1_0,40.742583,-74.005,96,14.929
B1_0,40.7423,-74.006,97,15.019
B1_1,40.7423,-74.006,1,0.0
B1_1,40.742583,-74.005,2,0.09
B1_1,40.742867,-74.004,3,0.18
B1_1,40.74315,-74.003,4,0.27
B1_1,40.743433,-74.002,5,0.36
B1_1,40.743717,-74.001,6,0.45
B1_1,40.744,-74.0,7,0.54
B1_1,40.7451,-73.998917,8,0.692
B1_1,40.7462,-73.997833,9,0.845
B1_1,40.7473,-73.99675,10,0.997
B1_1,40.7484,-73.995667,11,1.15
B1_1,40.7495,-73.994583,12,1.303
B1_1,40.7506,-73.9935,13,1.455
B1_1,40.751,-73.993417,14,1.5
B1_1,40.7514,-73.993333,15,1.545
B1_1,40.7518,-73.99325,16,1.59
B1_1,40.7522,-73.993167,17,1.635
B1_1,40.7526,-73.993083,18,1.68
B1_1,40.753,-73.993,19,1.725
B1_1,40.753383,-73.992,20,1.82
B1_1,40.753767,-73.991,21,1.914
B1_1,40.75415,-73.99,22,2.009
B1_1,40.754533,-73.989,23,2.103
B1_1,40.754917,-73.988,24,2.198
B1_1,40.7553,-73.987,25,2.292
B1_1,40.755017,-73.986367,26,2.354
B1_1,40.754733,-73.985733,27,2.416
B1_1,40.75445,-73.9851,28,2.478
B1_1,40.754167,-73.984467,29,2.54
B1_1,40.753883,-73.983833,30,2.602
B1_1,40.7536,-73.9832,31,2.664
B1_1,40.75345,-73.9822,32,2.75
B1_1,40.7533,-73.9812,33,2.835
B1_1,40.75315,-73.9802,34,2.921
B1_1,40.753,-73.9792,35,3.007
B1_1,40.75285,-73.9782,36,3.093
B1_1,40.7527,-73.9772,37,3.179
B1_1,40.752333,-73.975667,38,3.314
B1_1,40.751967,-73.974133,39,3.45
B1_1,40.7516,-73.9726,40,3.585
B1_1,40.751233,-73.971067,41,3.721
B1_1,40.750867,-73.969533,42,3.856
B1_1,40.7505,-73.968,43,3.992
B1_1,40.74975,-73.966333,44,4.155
B1_1,40.749,-73.964667,45,4.318
B1_1,40.74825,-73.963,46,4.481
B1_1,40.7475,-73.961333,47,4.645
B1_1,40.74675,-73.959667,48,4.808
B1_1,40.746,-73.958,49,4.971
B1_1,40.745717,-73.956483,50,5.103
B1_1,40.745433,-73.954967,51,5.235
B1_1,40.74515,-73.95345,52,5.366
B1_1,40.744867,-73.951933,53,5.498
B1_1,40.744583,-73.950417,54,5.629
B1_1,40.7443,-73.9489,55,5.761
B1_1,40.74405,-73.94675,56,5.944
B1_1,40.7438,-73.9446,57,6.127
B1_1,40.74355,-73.94245,58,6.311
B1_1,40.7433,-73.9403,59,6.494
B1_1,40.74305,-73.93815,60,6.677
B1_1,40.7428,-73.936,61,6.86
B1_1,40.74275,-73.934117,62,7.019
B1_1,40.7427,-73.932233,63,7.178
B1_1,40.74265,-73.93035,64,7.337
B1_1,40.7426,-73.928467,65,7.495
B1_1,40.74255,-73.926583,66,7.654
B1_1,40.7425,-73.9247,67,7.813
B1_1,40.742917,-73.921083,68,8.121
B1_1,40.743333,-73.917467,69,8.429
B1_1,40.74375,-73.91385,70,8.738
B1_1,40.744167,-73.910233,71,9.046
B1_1,40.744583,-73.906617,72,9.354
B1_1,40.745,-73.903,73,9.662
B1_1,40.7453,-73.900883,74,9.843
B1_1,40.7456,-73.898767,75,10.025
B1_1,40.7459,-73.89665,76,10.206
B1_1,40.7462,-73.894533,77,10.388
B1_1,40.7465,-73.892417,78,10.569
B1_1,40.7468,-73.8903,79,10.751
B1_1,40.750833,-73.89025,80,11.199
B1_1,40.754867,-73.8902,81,11.648
B1_1,40.7589,-73.89015,82,12.096
B1_1,40.762933,-73.8901,83,12.545
B1_1,40.766967,-73.89005,84,12.993
B1_1,40.771,-73.89,85,13.442
B1_1,40.771667,-73.888,86,13.626
B1_1,40.772333,-73.886,87,13.81
B1_1,40.773,-73.884,88,13.994
B1_1,40.773667,-73.882,89,14.178
B1_1,40.774333,-73.88,90,14.362
B1_1,40.775,-73.878,91,14.546
B1_1,40.775067,-73.877067,92,14.625
B1_1,40.775133,-73.876133,93,14.704
B1_1,40.7752,-73.8752,94,14.782
B1_1,40.775267,-73.874267,95,14.861
B1_1,40.775333,-73.873333,96,14.94
B1_1,40.7754,-73.8724,97,15.019
B2_0,40.754,-74.0027,1,0.0
B2_0,40.753917,-74.00175,2,0.081
B2_0,40.753833,-74.0008,3,0.161
B2_0,40.75375,-73.99985,4,0.242
B2_0,40.753667,-73.9989,5,0.322
B2_0,40.753583,-73.99795,6,0.403
B2_0,40.7535,-73.997,7,0.483
B2_0,40.752917,-73.997,8,0.548
B2_0,40.752333,-73.997,9,0.613
B2_0,40.75175,-73.997,10,0.678
B2_0,40.751167,-73.997,11,0.743
B2_0,40.750583,-73.997,12,0.808
B2_0,40.75,-73.997,13,0.873
B2_0,40.748717,-73.9985,14,1.063
B2_0,40.747433,-74.0,15,1.254
B2_0,40.74615,-74.0015,16,1.444
B2_0,40.744867,-74.003,17,1.635
B2_0,40.743583,-74.0045,18,1.826
B2_0,40.7423,-74.006,19,2.016
B2_0,40.742917,-74.0045,20,2.16
B2_0,40.743533,-74.003,21,2.304
B2_0,40.74415,-74.0015,22,2.447
B2_0,40.744767,-74.0,23,2.591
B2_0,40.745383,-73.9985,24,2.735
B2_0,40.746,-73.997,25,2.879
B2_0,40.746767,-73.996417,26,2.977
B2_0,40.747533,-73.995833,27,3.076
B2_0,40.7483,-73.99525,28,3.174
B2_0,40.749067,-73.994667,29,3.272
B2_0,40.749833,-73.994083,30,3.371
B2_0,40.7506,-73.9935,31,3.469
B2_0,40.749833,-73.993083,32,3.561
B2_0,40.749067,-73.992667,33,3.654
B2_0,40.7483,-73.99225,34,3.746
B2_0,40.747533,-73.991833,35,3.838
B2_0,40.746767,-73.991417,36,3.93
B2_0,40.746,-73.991,37,4.022
B2_0,40.746617,-73.99045,38,4.105
B2_0,40.747233,-73.9899,39,4.188
B2_0,40.74785,-73.98935,40,4.271
B2_0,40.748467,-73.9888,41,4.353
B2_0,40.749083,-73.98825,42,4.436
B2_0,40.7497,-73.9877,43,4.519
B2_0,40.748417,-73.987683,44,4.662
B2_0,40.747133,-73.987667,45,4.804
B2_0,40.74585,-73.98765,46,4.947
B2_0,40.744567,-73.987633,47,5.09
B2_0,40.743283,-73.987617,48,5.232
B2_0,40.742,-73.9876,49,5.375
B2_0,40.742,-73.988,50,5.409
B2_0,40.742,-73.9884,51,5.443
B2_0,40.742,-73.9888,52,5.476
B2_0,40.742,-73.9892,53,5.51
B2_0,40.742,-73.9896,54,5.544
B2_0,40.742,-73.99,55,5.577
B2_0,40.740983,-73.9901,56,5.691
B2_0,40.739967,-73.9902,57,5.804
B2_0,40.73895,-73.9903,58,5.917
B2_0,40.737933,-73.9904,59,6.031
B2_0,40.736917,-73.9905,60,6.144
B2_0,40.7359,-73.9906,61,6.257
B2_0,40.735917,-73.98975,62,6.329
B2_0,40.735933,-73.9889,63,6.401
B2_0,40.73595,-73.98805,64,6.472
B2_0,40.735967,-73.9872,65,6.544
B2_0,40.735983,-73.98635,66,6.616
B2_0,40.736,-73.9855,67,6.687
B2_0,40.734667,-73.98555,68,6.836
B2_0,40.733333,-73.9856,69,6.984
B2_0,40.732,-73.98565,70,7.132
B2_0,40.730667,-73.9857,71,7.281
B2_0,40.729333,-73.98575,72,7.429
B2_0,40.728,-73.9858,73,7.577
B2_0,40.72775,-73.98525,74,7.631
B2_0,40.7275,-73.9847,75,7.685
B2_0,40.72725,-73.98415,76,7.739
B2_0,40.727,-73.9836,77,7.793
B2_0,40.72675,-73.98305,78,7.847
B2_0,40.7265,-73.9825,79,7.902
B2_0,40.724967,-73.982217,80,8.074
B2_0,40.723433,-73.981933,81,8.246
B2_0,40.7219,-73.98165,82,8.418
B2_0,40.720367,-73.981367,83,8.59
B2_0,40.718833,-73.981083,84,8.762
B2_0,40.7173,-73.9808,85,8.934
B2_1,40.7173,-73.9808,1,0.0
B2_1,40.718833,-73.981083,2,0.172
B2_1,40.720367,-73.981367,3,0.344
B2_1,40.7219,-73.98165,4,0.516
B2_1,40.723433,-73.981933,5,0.689
B2_1,40.724967,-73.982217,6,0.861
B2_1,40.7265,-73.9825,7,1.033
B2_1,40.72675,-73.98305,8,1.087
B2_1,40.727,-73.9836,9,1.141
B2_1,40.72725,-73.98415,10,1.195
B2_1,40.7275,-73.9847,11,1.249
B2_1,40.72775,-73.98525,12,1.303
B2_1,40.728,-73.9858,13,1.357
B2_1,40.729333,-73.98575,14,1.506
B2_1,40.730667,-73.9857,15,1.654
B2_1,40.732,-73.98565,16,1.802
B2_1,40.733333,-73.9856,17,1.951
B2_1,40.734667,-73.98555,18,2.099
B2_1,40.736,-73.9855,19,2.247
B2_1,40.735983,-73.98635,20,2.319
B2_1,40.735967,-73.9872,21,2.39
B2_1,40.73595,-73.98805,22,2.462
B2_1,40.735933,-73.9889,23,2.534
B2_1,40.735917,-73.98975,24,2.605
B2_1,40.7359,-73.9906,25,2.677
B2_1,40.736917,-73.9905,26,2.79
B2_1,40.737933,-73.9904,27,2.904
B2_1,40.73895,-73.9903,28,3.017
B2_1,40.739967,-73.9902,29,3.13
B2_1,40.740983,-73.9901,30,3.244
B2_1,40.742,-73.99,31,3.357
B2_1,40.742,-73.9896,32,3.391
B2_1,40.742,-73.9892,33,3.425
B2_1,40.742,-73.9888,34,3.458
B2_1,40.742,-73.9884,35,3.492
B2_1,40.742,-73.988,36,3.526
B2_1,40.742,-73.9876,37,3.559
B2_1,40.743283,-73.987617,38,3.702
B2_1,40.744567,-73.987633,39,3.845
B2_1,40.74585,-73.98765,40,3.987
B2_1,40.747133,-73.987667,41,4.13
B2_1,40.748417,-73.987683,42,4.273
B2_1,40.7497,-73.9877,43,4.416
B2_1,40.749083,-73.98825,44,4.498
B2_1,40.748467,-73.9888,45,4.581
B2_1,40.74785,-73.98935,46,4.664
B2_1,40.747233,-73.9899,47,4.747
B2_1,40.746617,-73.99045,48,4.829
B2_1,40.746,-73.991,49,4.912
B2_1,40.746767,-73.991417,50,5.004
B2_1,40.747533,-73.991833,51,5.097
B2_1,40.7483,-73.99225,52,5.189
B2_1,40.749067,-73.992667,53,5.281
B2_1,40.749833,-73.993083,54,5.373
B2_1,40.7506,-73.9935,55,5.465
B2_1,40.749833,-73.994083,56,5.564
B2_1,40.749067,-73.994667,57,5.662
B2_1,40.7483,-73.99525,58,5.76
B2_1,40.747533,-73.995833,59,5.859
B2_1,40.746767,-73.996417,60,5.957
B2_1,40.746,-73.997,61,6.056
B2_1,40.745383,-73.9985,62,6.199
B2_1,40.744767,-74.0,63,6.343
B2_1,40.74415,-74.0015,64,6.487
B2_1,40.743533,-74.003,65,6.631
B2_1,40.742917,-74.0045,66,6.775
B2_1,40.7423,-74.006,67,6.918
B2_1,40.743583,-74.0045,68,7.109
B2_1,40.744867,-74.003,69,7.3
B2_1,40.74615,-74.0015,70,7.49
B2_1,40.747433,-74.0,71,7.681
B2_1,40.748717,-73.9985,72,7.871
B2_1,40.75,-73.997,73,8.062
B2_1,40.750583,-73.997,74,8.127
B2_1,40.751167,-73.997,75,8.192
B2_1,40.75175,-73.997,76,8.257
B2_1,40.752333,-73.997,77,8.321
B2_1,40.752917,-73.997,78,8.386
B2_1,40.7535,-73.997,79,8.451
B2_1,40.753583,-73.99795,80,8.532
B2_1,40.753667,-73.9989,81,8.612
B2_1,40.75375,-73.99985,82,8.693
B2_1,40.753833,-74.0008,83,8.773
B2_1,40.753917,-74.00175,84,8.854
B2_1,40.754,-74.0027,85,8.934
B4_0,40.6927,-73.9893,1,0.0
B4_0,40.693167,-73.990383,2,0.105
B4_0,40.693633,-73.991467,3,0.21
B4_0,40.6941,-73.99255,4,0.315
B4_0,40.694567,-73.993633,5,0.42
B4_0,40.695033,-73.994717,6,0.525
B4_0,40.6955,-73.9958,7,0.63
B4_0,40.696283,-73.995983,8,0.719
B4_0,40.697067,-73.996167,9,0.807
B4_0,40.69785,-73.99635,10,0.896
B4_0,40.698633,-73.996533,11,0.984
B4_0,40.699417,-73.996717,12,1.073
B4_0,40.7002,-73.9969,13,1.161
B4_0,40.700717,-73.996267,14,1.239
B4_0,40.701233,-73.995633,15,1.318
B4_0,40.70175,-73.995,16,1.396
B4_0,40.702267,-73.994367,17,1.475
B4_0,40.702783,-73.993733,18,1.553
B4_0,40.7033,-73.9931,19,1.632
B4_0,40.703583,-73.992083,20,1.723
B4_0,40.703867,-73.991067,21,1.814
B4_0,40.70415,-73.99005,22,1.906
B4_0,40.704433,-73.989033,23,1.997
B4_0,40.704717,-73.988017,24,2.088
B4_0,40.705,-73.987,25,2.179
B4_0,40.7041,-73.9846,26,2.405
B4_0,40.7032,-73.9822,27,2.631
B4_0,40.7023,-73.9798,28,2.857
B4_0,40.7014,-73.9774,29,3.082
B4_0,40.7005,-73.975,30,3.308
B4_0,40.6996,-73.9726,31,3.534
B4_0,40.700417,-73.972,32,3.638
B4_0,40.701233,-73.9714,33,3.742
B4_0,40.70205,-73.9708,34,3.846
B4_0,40.702867,-73.9702,35,3.95
B4_0,40.703683,-73.9696,36,4.053
B4_0,40.7045,-73.969,37,4.157
B4_0,40.705133,-73.967017,38,4.339
B4_0,40.705767,-73.965033,39,4.52
B4_0,40.7064,-73.96305,40,4.702
B4_0,40.707033,-73.961067,41,4.883
B4_0,40.707667,-73.959083,42,5.064
B4_0,40.7083,-73.9571,43,5.246
B4_0,40.709717,-73.95875,44,5.456
B4_0,40.711133,-73.9604,45,5.666
B4_0,40.71255,-73.96205,46,5.876
B4_0,40.713967,-73.9637,47,6.086
B4_0,40.715383,-73.96535,48,6.297
B4_0,40.7168,-73.967,49,6.507
B4_0,40.719033,-73.964833,50,6.815
B4_0,40.721267,-73.962667,51,7.123
B4_0,40.7235,-73.9605,52,7.431
B4_0,40.725733,-73.958333,53,7.74
B4_0,40.727967,-73.956167,54,8.048
B4_0,40.7302,-73.954,55,8.356
B4_0,40.73125,-73.953333,56,8.486
B4_0,40.7323,-73.952667,57,8.615
B4_0,40.73335,-73.952,58,8.745
B4_0,40.7344,-73.951333,59,8.874
B4_0,40.73545,-73.950667,60,9.004
B4_0,40.7365,-73.95,61,9.133
B4_0,40.7378,-73.949817,62,9.279
B4_0,40.7391,-73.949633,63,9.424
B4_0,40.7404,-73.94945,64,9.57
B4_0,40.7417,-73.949267,65,9.715
B4_0,40.743,-73.949083,66,9.86
B4_0,40.7443,-73.9489,67,10.006
B4_1,40.7443,-73.9489,1,0.0
B4_1,40.743,-73.949083,2,0.145
B4_1,40.7417,-73.949267,3,0.291
B4_1,40.7404,-73.94945,4,0.436
B4_1,40.7391,-73.949633,5,0.582
B4_1,40.7378,-73.949817,6,0.727
B4_1,40.7365,-73.95,7,0.872
B4_1,40.73545,-73.950667,8,1.002
B4_1,40.7344,-73.951333,9,1.131
B4_1,40.73335,-73.952,10,1.261
B4_1,40.7323,-73.952667,11,1.391
B4_1,40.73125,-73.953333,12,1.52
B4_1,40.7302,-73.954,13,1.65
B4_1,40.727967,-73.956167,14,1.958
B4_1,40.725733,-73.958333,15,2.266
B4_1,40.7235,-73.9605,16,2.574
B4_1,40.721267,-73.962667,17,2.883
B4_1,40.719033,-73.964833,18,3.191
B4_1,40.7168,-73.967,19,3.499
B4_1,40.715383,-73.96535,20,3.709
B4_1,40.713967,-73.9637,21,3.919
B4_1,40.71255,-73.96205,22,4.129
B4_1,40.711133,-73.9604,23,4.34
B4_1,40.709717,-73.95875,24,4.55
B4_1,40.7083,-73.9571,25,4.76
B4_1,40.707667,-73.959083,26,4.941
B4_1,40.707033,-73.961067,27,5.123
B4_1,40.7064,-73.96305,28,5.304
B4_1,40.705767,-73.965033,29,5.485
B4_1,40.705133,-73.967017,30,5.667
B4_1,40.7045,-73.969,31,5.848
B4_1,40.703683,-73.9696,32,5.952
B4_1,40.702867,-73.9702,33,6.056
B4_1,40.70205,-73.9708,34,6.16
B4_1,40.701233,-73.9714,35,6.264
B4_1,40.700417,-73.972,36,6.368
B4_1,40.6996,-73.9726,37,6.472
B4_1,40.7005,-73.975,38,6.698
B4_1,40.7014,-73.9774,39,6.923
B4_1,40.7023,-73.9798,40,7.149
B4_1,40.7032,-73.9822,41,7.375
B4_1,40.7041,-73.9846,42,7.601
B4_1,40.705,-73.987,43,7.826
B4_1,40.704717,-73.988017,44,7.918
B4_1,40.704433,-73.989033,45,8.009
B4_1,40.70415,-73.99005,46,8.1
B4_1,40.703867,-73.991067,47,8.191
B4_1,40.703583,-73.992083,48,8.283
B4_1,40.7033,-73.9931,49,8.374
B4_1,40.702783,-73.993733,50,8.453
B4_1,40.702267,-73.994367,51,8.531
B4_1,40.70175,-73.995,52,8.609
B4_1,40.701233,-73.995633,53,8.688
B4_1,40.700717,-73.996267,54,8.766
B4_1,40.7002,-73.9969,55,8.845
B4_1,40.699417,-73.996717,56,8.933
B4_1,40.698633,-73.996533,57,9.022
B4_1,40.69785,-73.99635,58,9.11
B4_1,40.697067,-73.996167,59,9.198
B4_1,40.696283,-73.995983,60,9.287
B4_1,40.6955,-73.9958,61,9.375
B4_1,40.695033,-73.994717,62,9.48
B4_1,40.694567,-73.993633,63,9.586
B4_1,40.6941,-73.99255,64,9.691
B4_1,40.693633,-73.991467,65,9.796
B4_1,40.693167,-73.990383,66,9.901
B4_1,40.6927,-73.9893,67,10.006
B5_0,40.6461,-73.7881,1,0.0
B5_0,40.64775,-73.790083,2,0.248
B5_0,40.6494,-73.792067,3,0.497
B5_0,40.65105,-73.79405,4,0.745
B5_0,40.6527,-73.796033,5,0.993
B5_0,40.65435,-73.798017,6,1.242
B5_0,40.656,-73.8,7,1.49
B5_0,40.658667,-73.802,8,1.831
B5_0,40.661333,-73.804,9,2.172
B5_0,40.664,-73.806,10,2.513
B5_0,40.666667,-73.808,11,2.854
B5_0,40.669333,-73.81,12,3.196
B5_0,40.672,-73.812,13,3.537
B5_0,40.677017,-73.8102,14,4.115
B5_0,40.682033,-73.8084,15,4.693
B5_0,40.68705,-73.8066,16,5.271
B5_0,40.692067,-73.8048,17,5.849
B5_0,40.697083,-73.803,18,6.427
B5_0,40.7021,-73.8012,19,7.005
B5_0,40.70375,-73.8045,20,7.339
B5_0,40.7054,-73.8078,21,7.672
B5_0,40.70705,-73.8111,22,8.005
B5_0,40.7087,-73.8144,23,8.338
B5_0,40.71035,-73.8177,24,8.671
B5_0,40.712,-73.821,25,9.005
B5_0,40.713217,-73.824967,26,9.365
B5_0,40.714433,-73.828933,27,9.726
B5_0,40.71565,-73.8329,28,10.087
B5_0,40.716867,-73.836867,29,10.447
B5_0,40.718083,-73.840833,30,10.808
B5_0,40.7193,-73.8448,31,11.169
B5_0,40.720583,-73.84625,32,11.356
B5_0,40.721867,-73.8477,33,11.544
B5_0,40.72315,-73.84915,34,11.732
B5_0,40.724433,-73.8506,35,11.92
B5_0,40.725717,-73.85205,36,12.108
B5_0,40.727,-73.8535,37,12.296
B5_0,40.72825,-73.856383,38,12.576
B5_0,40.7295,-73.859267,39,12.856
B5_0,40.73075,-73.86215,40,13.136
B5_0,40.732,-73.865033,41,13.415
B5_0,40.73325,-73.867917,42,13.695
B5_0,40.7345,-73.8708,43,13.975
B5_0,40.73525,-73.872083,44,14.112
B5_0,40.736,-73.873367,45,14.248
B5_0,40.73675,-73.87465,46,14.385
B5_0,40.7375,-73.875933,47,14.521
B5_0,40.73825,-73.877217,48,14.658
B5_0,40.739,-73.8785,49,14.795
B5_0,40.7403,-73.880467,50,15.014
B5_0,40.7416,-73.882433,51,15.234
B5_0,40.7429,-73.8844,52,15.454
B5_0,40.7442,-73.886367,53,15.674
B5_0,40.7455,-73.888333,54,15.894
B5_0,40.7468,-73.8903,55,16.114
B5_0,40.746,-73.891917,56,16.276
B5_0,40.7452,-73.893533,57,16.439
B5_0,40.7444,-73.89515,58,16.602
B5_0,40.7436,-73.896767,59,16.765
B5_0,40.7428,-73.898383,60,16.927
B5_0,40.742,-73.9,61,17.09
B5_0,40.742083,-73.904117,62,17.437
B5_0,40.742167,-73.908233,63,17.784
B5_0,40.74225,-73.91235,64,18.131
B5_0,40.742333,-73.916467,65,18.478
B5_0,40.742417,-73.920583,66,18.825
B5_0,40.7425,-73.9247,67,19.172
B5_0,40.74275,-73.92775,68,19.43
B5_0,40.743,-73.9308,69,19.688
B5_0,40.74325,-73.93385,70,19.947
B5_0,40.7435,-73.9369,71,20.205
B5_0,40.74375,-73.93995,72,20.464
B5_0,40.744,-73.943,73,20.722
B5_0,40.74405,-73.943983,74,20.805
B5_0,40.7441,-73.944967,75,20.888
B5_0,40.74415,-73.94595,76,20.971
B5_0,40.7442,-73.946933,77,21.054
B5_0,40.74425,-73.947917,78,21.137
B5_0,40.7443,-73.9489,79,21.22
B5_0,40.745,-73.951083,80,21.42
B5_0,40.7457,-73.953267,81,21.62
B5_0,40.7464,-73.95545,82,21.82
B5_0,40.7471,-73.957633,83,22.019
B5_0,40.7478,-73.959817,84,22.219
B5_0,40.7485,-73.962,85,22.419
B5_0,40.7492,-73.964533,86,22.646
B5_0,40.7499,-73.967067,87,22.873
B5_0,40.7506,-73.9696,88,23.1
B5_0,40.7513,-73.972133,89,23.327
B5_0,40.752,-73.974667,90,23.554
B5_0,40.7527,-73.9772,91,23.782
B5_1,40.7527,-73.9772,1,0.0
B5_1,40.752,-73.974667,2,0.227
B5_1,40.7513,-73.972133,3,0.454
B5_1,40.7506,-73.9696,4,0.681
B5_1,40.7499,-73.967067,5,0.909
B5_1,40.7492,-73.964533,6,1.136
B5_1,40.7485,-73.962,7,1.363
B5_1,40.7478,-73.959817,8,1.563
B5_1,40.7471,-73.957633,9,1.762
B5_1,40.7464,-73.95545,10,1.962
B5_1,40.7457,-73.953267,11,2.162
B5_1,40.745,-73.951083,12,2.362
B5_1,40.7443,-73.9489,13,2.561
B5_1,40.74425,-73.947917,14,2.644
B5_1,40.7442,-73.946933,15,2.727
B5_1,40.74415,-73.94595,16,2.81
B5_1,40.7441,-73.944967,17,2.893
B5_1,40.74405,-73.943983,18,2.976
B5_1,40.744,-73.943,19,3.059
B5_1,40.74375,-73.93995,20,3.318
B5_1,40.7435,-73.9369,21,3.576
B5_1,40.74325,-73.93385,22,3.835
B5_1,40.743,-73.9308,23,4.093
B5_1,40.74275,-73.92775,24,4.352
B5_1,40.7425,-73.9247,25,4.61
B5_1,40.742417,-73.920583,26,4.957
B5_1,40.742333,-73.916467,27,5.304
B5_1,40.74225,-73.91235,28,5.651
B5_1,40.742167,-73.908233,29,5.998
B5_1,40.742083,-73.904117,30,6.345
B5_1,40.742,-73.9,31,6.692
B5_1,40.7428,-73.898383,32,6.854
B5_1,40.7436,-73.896767,33,7.017
B5_1,40.7444,-73.89515,34,7.18
B5_1,40.7452,-73.893533,35,7.342
B5_1,40.746,-73.891917,36,7.505
B5_1,40.7468,-73.8903,37,7.668
B5_1,40.7455,-73.888333,38,7.888
B5_1,40.7442,-73.886367,39,8.108
B5_1,40.7429,-73.8844,40,8.327
B5_1,40.7416,-73.882433,41,8.547
B5_1,40.7403,-73.880467,42,8.767
B5_1,40.739,-73.8785,43,8.987
B5_1,40.73825,-73.877217,44,9.124
B5_1,40.7375,-73.875933,45,9.26
B5_1,40.73675,-73.87465,46,9.397
B5_1,40.736,-73.873367,47,9.533
B5_1,40.73525,-73.872083,48,9.67
B5_1,40.7345,-73.8708,49,9.806
B5_1,40.73325,-73.867917,50,10.086
B5_1,40.732,-73.865033,51,10.366
B5_1,40.73075,-73.86215,52,10.646
B5_1,40.7295,-73.859267,53,10.926
B5_1,40.72825,-73.856383,54,11.206
B5_1,40.727,-73.8535,55,11.486
B5_1,40.725717,-73.85205,56,11.674
B5_1,40.724433,-73.8506,57,11.862
B5_1,40.72315,-73.84915,58,12.049
B5_1,40.721867,-73.8477,59,12.237
B5_1,40.720583,-73.84625,60,12.425
B5_1,40.7193,-73.8448,61,12.613
B5_1,40.718083,-73.840833,62,12.974
B5_1,40.716867,-73.836867,63,13.334
B5_1,40.71565,-73.8329,64,13.695
B5_1,40.714433,-73.828933,65,14.056
B5_1,40.713217,-73.824967,66,14.416
B5_1,40.712,-73.821,67,14.777
B5_1,40.71035,-73.8177,68,15.11
B5_1,40.7087,-73.8144,69,15.443
B5_1,40.70705,-73.8111,70,15.777
B5_1,40.7054,-73.8078,71,16.11
B5_1,40.70375,-73.8045,72,16.443
B5_1,40.7021,-73.8012,73,16.776
B5_1,40.697083,-73.803,74,17.354
B5_1,40.692067,-73.8048,75,17.932
B5_1,40.68705,-73.8066,76,18.511
B5_1,40.682033,-73.8084,77,19.089
B5_1,40.677017,-73.8102,78,19.667
B5_1,40.672,-73.812,79,20.245
B5_1,40.669333,-73.81,80,20.586
B5_1,40.666667,-73.808,81,20.927
B5_1,40.664,-73.806,82,21.268
B5_1,40.661333,-73.804,83,21.609
B5_1,40.658667,-73.802,84,21.951
B5_1,40.656,-73.8,85,22.292
B5_1,40.65435,-73.798017,86,22.54
B5_1,40.6527,-73.796033,87,22.788
B5_1,40.65105,-73.79405,88,23.037
B5_1,40.6494,-73.792067,89,23.285
B5_1,40.64775,-73.790083,90,23.533
B5_1,40.6461,-73.7881,91,23.782
B6_0,40.8078,-73.9456,1,0.0
B6_0,40.807167,-73.947,2,0.137
B6_0,40.806533,-73.9484,3,0.275
B6_0,40.8059,-73.9498,4,0.412
B6_0,40.805267,-73.9512,5,0.549
B6_0,40.804633,-73.9526,6,0.686
B6_0,40.804,-73.954,7,0.824
B6_0,40.799967,-73.955633,8,1.293
B6_0,40.795933,-73.957267,9,1.762
B6_0,40.7919,-73.9589,10,2.231
B6_0,40.787867,-73.960533,11,2.7
B6_0,40.783833,-73.962167,12,3.169
B6_0,40.7798,-73.9638,13,3.638
B6_0,40.779683,-73.962467,14,3.751
B6_0,40.779567,-73.961133,15,3.864
B6_0,40.77945,-73.9598,16,3.977
B6_0,40.779333,-73.958467,17,4.09
B6_0,40.779217,-73.957133,18,4.203
B6_0,40.7791,-73.9558,19,4.316
B6_0,40.77825,-73.957333,20,4.476
B6_0,40.7774,-73.958867,21,4.636
B6_0,40.77655,-73.9604,22,4.796
B6_0,40.7757,-73.961933,23,4.956
B6_0,40.77485,-73.963467,24,5.116
B6_0,40.774,-73.965,25,5.276
B6_0,40.772367,-73.966467,26,5.496
B6_0,40.770733,-73.967933,27,5.716
B6_0,40.7691,-73.9694,28,5.935
B6_0,40.767467,-73.970867,29,6.155
B6_0,40.765833,-73.972333,30,6.375
B6_0,40.7642,-73.9738,31,6.594
B6_0,40.7635,-73.973583,32,6.674
B6_0,40.7628,-73.973367,33,6.754
B6_0,40.7621,-73.97315,34,6.834
B6_0,40.7614,-73.972933,35,6.914
B6_0,40.7607,-73.972717,36,6.994
B6_0,40.76,-73.9725,37,7.074
B6_0,40.758783,-73.973283,38,7.224
B6_0,40.757567,-73.974067,39,7.375
B6_0,40.75635,-73.97485,40,7.525
B6_0,40.755133,-73.975633,41,7.676
B6_0,40.753917,-73.976417,42,7.826
B6_0,40.7527,-73.9772,43,7.977
B6_0,40.75285,-73.9782,44,8.063
B6_0,40.753,-73.9792,45,8.149
B6_0,40.75315,-73.9802,46,8.235
B6_0,40.7533,-73.9812,47,8.32
B6_0,40.75345,-73.9822,48,8.406
B6_0,40.7536,-73.9832,49,8.492
B6_0,40.754,-73.983333,50,8.538
B6_0,40.7544,-73.983467,51,8.584
B6_0,40.7548,-73.9836,52,8.63
B6_0,40.7552,-73.983733,53,8.676
B6_0,40.7556,-73.983867,54,8.722
B6_0,40.756,-73.984,55,8.767
B6_0,40.755883,-73.9845,56,8.811
B6_0,40.755767,-73.985,57,8.856
B6_0,40.75565,-73.9855,58,8.9
B6_0,40.755533,-73.986,59,8.944
B6_0,40.755417,-73.9865,60,8.988
B6_0,40.7553,-73.987,61,9.032
B6_1,40.7553,-73.987,1,0.0
B6_1,40.755417,-73.9865,2,0.044
B6_1,40.755533,-73.986,3,0.088
B6_1,40.75565,-73.9855,4,0.132
B6_1,40.755767,-73.985,5,0.176
B6_1,40.755883,-73.9845,6,0.22
B6_1,40.756,-73.984,7,0.264
B6_1,40.7556,-73.983867,8,0.31
B6_1,40.7552,-73.983733,9,0.356
B6_1,40.7548,-73.9836,10,0.402
B6_1,40.7544,-73.983467,11,0.448
B6_1,40.754,-73.983333,12,0.494
B6_1,40.7536,-73.9832,13,0.54
B6_1,40.75345,-73.9822,14,0.626
B6_1,40.7533,-73.9812,15,0.711
B6_1,40.75315,-73.9802,16,0.797
B6_1,40.753,-73.9792,17,0.883
B6_1,40.75285,-73.9782,18,0.969
B6_1,40.7527,-73.9772,19,1.055
B6_1,40.753917,-73.976417,20,1.205
B6_1,40.755133,-73.975633,21,1.356
B6_1,40.75635,-73.97485,22,1.506
B6_1,40.757567,-73.974067,23,1.657
B6_1,40.758783,-73.973283,24,1.807
B6_1,40.76,-73.9725,25,1.958
B6_1,40.7607,-73.972717,26,2.038
B6_1,40.7614,-73.972933,27,2.118
B6_1,40.7621,-73.97315,28,2.198
B6_1,40.7628,-73.973367,29,2.278
B6_1,40.7635,-73.973583,30,2.358
B6_1,40.7642,-73.9738,31,2.438
B6_1,40.765833,-73.972333,32,2.657
B6_1,40.767467,-73.970867,33,2.877
B6_1,40.7691,-73.9694,34,3.097
B6_1,40.770733,-73.967933,35,3.316
B6_1,40.772367,-73.966467,36,3.536
B6_1,40.774,-73.965,37,3.755
B6_1,40.77485,-73.963467,38,3.915
B6_1,40.7757,-73.961933,39,4.076
B6_1,40.77655,-73.9604,40,4.236
B6_1,40.7774,-73.958867,41,4.396
B6_1,40.77825,-73.957333,42,4.556
B6_1,40.7791,-73.9558,43,4.716
B6_1,40.779217,-73.957133,44,4.829
B6_1,40.779333,-73.958467,45,4.942
B6_1,40.77945,-73.9598,46,5.055
B6_1,40.779567,-73.961133,47,5.168
B6_1,40.779683,-73.962467,48,5.281
B6_1,40.7798,-73.9638,49,5.394
B6_1,40.783833,-73.962167,50,5.863
B6_1,40.787867,-73.960533,51,6.332
B6_1,40.7919,-73.9589,52,6.801
B6_1,40.795933,-73.957267,53,7.27
B6_1,40.799967,-73.955633,54,7.739
B6_1,40.804,-73.954,55,8.208
B6_1,40.804633,-73.9526,56,8.345
B6_1,40.805267,-73.9512,57,8.483
B6_1,40.8059,-73.9498,58,8.62
B6_1,40.806533,-73.9484,59,8.757
B6_1,40.807167,-73.947,60,8.895
B6_1,40.8078,-73.9456,61,9.032
N1_0,40.8681,-73.918,1,0.0
N1_0,40.85805,-73.9226,2,1.183
N1_0,40.848,-73.9272,3,2.365
N1_0,40.83795,-73.9318,4,3.548
N1_0,40.8279,-73.9364,5,4.73
N1_0,40.81785,-73.941,6,5.913
N1_0,40.8078,-73.9456,7,7.096
N1_0,40.804333,-73.947167,8,7.503
N1_0,40.800867,-73.948733,9,7.911
N1_0,40.7974,-73.9503,10,8.318
N1_0,40.793933,-73.951867,11,8.725
N1_0,40.790467,-73.953433,12,9.133
N1_0,40.787,-73.955,13,9.54
N1_0,40.784167,-73.958,14,9.944
N1_0,40.781333,-73.961,15,10.348
N1_0,40.7785,-73.964,16,10.752
N1_0,40.775667,-73.967,17,11.155
N1_0,40.772833,-73.97,18,11.559
N1_0,40.77,-73.973,19,11.963
N1_0,40.76755,-73.975333,20,12.299
N1_0,40.7651,-73.977667,21,12.635
N1_0,40.76265,-73.98,22,12.971
N1_0,40.7602,-73.982333,23,13.307
N1_0,40.75775,-73.984667,24,13.643
N1_0,40.7553,-73.987,25,13.979
N1_0,40.753083,-73.987,26,14.225
N1_0,40.750867,-73.987,27,14.471
N1_0,40.74865,-73.987,28,14.718
N1_0,40.746433,-73.987,29,14.964
N1_0,40.744217,-73.987,30,15.211
N1_0,40.742,-73.987,31,15.457
N1_0,40.740983,-73.9876,32,15.581
N1_0,40.739967,-73.9882,33,15.705
N1_0,40.73895,-73.9888,34,15.829
N1_0,40.737933,-73.9894,35,15.953
N1_0,40.736917,-73.99,36,16.077
N1_0,40.7359,-73.9906,37,16.2
N1_0,40.734583,-73.989667,38,16.367
N1_0,40.733267,-73.988733,39,16.533
N1_0,40.73195,-73.9878,40,16.699
N1_0,40.730633,-73.986867,41,16.865
N1_0,40.729317,-73.985933,42,17.031
N1_0,40.728,-73.985,43,17.198
N1_0,40.726217,-73.9843,44,17.404
N1_0,40.724433,-73.9836,45,17.611
N1_0,40.72265,-73.9829,46,17.818
N1_0,40.720867,-73.9822,47,18.025
N1_0,40.719083,-73.9815,48,18.232
N1_0,40.7173,-73.9808,49,18.439
N1_0,40.715917,-73.982333,50,18.64
N1_0,40.714533,-73.983867,51,18.841
N1_0,40.71315,-73.9854,52,19.042
N1_0,40.711767,-73.986933,53,19.242
N1_0,40.710383,-73.988467,54,19.443
N1_0,40.709,-73.99,55,19.644
N1_0,40.706283,-73.989883,56,19.947
N1_0,40.703567,-73.989767,57,20.249
N1_0,40.70085,-73.98965,58,20.551
N1_0,40.698133,-73.989533,59,20.853
N1_0,40.695417,-73.989417,60,21.155
N1_0,40.6927,-73.9893,61,21.458
N1_0,40.69025,-73.987583,62,21.766
N1_0,40.6878,-73.985867,63,22.075
N1_0,40.68535,-73.98415,64,22.383
N1_0,40.6829,-73.982433,65,22.692
N1_0,40.68045,-73.980717,66,23.0
N1_0,40.678,-73.979,67,23.309
N1_0,40.675167,-73.977167,68,23.66
N1_0,40.672333,-73.975333,69,24.011
N1_0,40.6695,-73.9735,70,24.362
N1_0,40.666667,-73.971667,71,24.712
N1_0,40.663833,-73.969833,72,25.063
N1_0,40.661,-73.968,73,25.414
N1_0,40.655,-73.969833,74,26.099
N1_0,40.649,-73.971667,75,26.784
N1_0,40.643,-73.9735,76,27.469
N1_0,40.637,-73.975333,77,28.154
N1_0,40.631,-73.977167,78,28.839
N1_0,40.625,-73.979,79,29.524
N1_0,40.620833,-73.979,80,29.987
N1_0,40.616667,-73.979,81,30.45
N1_0,40.6125,-73.979,82,30.914
N1_0,40.608333,-73.979,83,31.377
N1_0,40.604167,-73.979,84,31.84
N1_0,40.6,-73.979,85,32.303
N1_0,40.596217,-73.979483,86,32.726
N1_0,40.592433,-73.979967,87,33.149
N1_0,40.58865,-73.98045,88,33.571
N1_0,40.584867,-73.980933,89,33.994
N1_0,40.581083,-73.981417,90,34.417
N1_0,40.5773,-73.9819,91,34.839
N1_1,40.5773,-73.9819,1,0.0
N1_1,40.581083,-73.981417,2,0.423
N1_1,40.584867,-73.980933,3,0.845
N1_1,40.58865,-73.98045,4,1.268
N1_1,40.592433,-73.979967,5,1.691
N1_1,40.596217,-73.979483,6,2.113
N1_1,40.6,-73.979,7,2.536
N1_1,40.604167,-73.979,8,2.999
N1_1,40.608333,-73.979,9,3.463
N1_1,40.6125,-73.979,10,3.926
N1_1,40.616667,-73.979,11,4.389
N1_1,40.620833,-73.979,12,4.853
N1_1,40.625,-73.979,13,5.316
N1_1,40.631,-73.977167,14,6.001
N1_1,40.637,-73.975333,15,6.686
N1_1,40.643,-73.9735,16,7.37
N1_1,40.649,-73.971667,17,8.055
N1_1,40.655,-73.969833,18,8.74
N1_1,40.661,-73.968,19,9.425
N1_1,40.663833,-73.969833,20,9.776
N1_1,40.666667,-73.971667,21,10.127
N1_1,40.6695,-73.9735,22,10.478
N1_1,40.672333,-73.975333,23,10.829
N1_1,40.675167,-73.977167,24,11.18
N1_1,40.678,-73.979,25,11.531
N1_1,40.68045,-73.980717,26,11.839
N1_1,40.6829,-73.982433,27,12.148
N1_1,40.68535,-73.98415,28,12.456
N1_1,40.6878,-73.985867,29,12.765
N1_1,40.69025,-73.987583,30,13.073
N1_1,40.6927,-73.9893,31,13.382
N1_1,40.695417,-73.989417,32,13.684
N1_1,40.698133,-73.989533,33,13.986
N1_1,40.70085,-73.98965,34,14.288
N1_1,40.703567,-73.989767,35,14.591
N1_1,40.706283,-73.989883,36,14.893
N1_1,40.709,-73.99,37,15.195
N1_1,40.710383,-73.988467,38,15.396
N1_1,40.711767,-73.986933,39,15.597
N1_1,40.71315,-73.9854,40,15.798
N1_1,40.714533,-73.983867,41,15.999
N1_1,40.715917,-73.982333,42,16.2
N1_1,40.7173,-73.9808,43,16.401
N1_1,40.719083,-73.9815,44,16.607
N1_1,40.720867,-73.9822,45,16.814
N1_1,40.72265,-73.9829,46,17.021
N1_1,40.724433,-73.9836,47,17.228
N1_1,40.726217,-73.9843,48,17.435
N1_1,40.728,-73.985,49,17.642
N1_1,40.729317,-73.985933,50,17.808
N1_1,40.730633,-73.986867,51,17.974
N1_1,40.73195,-73.9878,52,18.14
N1_1,40.733267,-73.988733,53,18.307
N1_1,40.734583,-73.989667,54,18.473
N1_1,40.7359,-73.9906,55,18.639
N1_1,40.736917,-73.99,56,18.763
N1_1,40.737933,-73.9894,57,18.887
N1_1,40.73895,-73.9888,58,19.011
N1_1,40.739967,-73.9882,59,19.134
N1_1,40.740983,-73.9876,60,19.258
N1_1,40.742,-73.987,61,19.382
N1_1,40.744217,-73.987,62,19.629
N1_1,40.746433,-73.987,63,19.875
N1_1,40.74865,-73.987,64,20.121
N1_1,40.750867,-73.987,65,20.368
N1_1,40.753083,-73.987,66,20.614
N1_1,40.7553,-73.987,67,20.861
N1_1,40.75775,-73.984667,68,21.197
N1_1,40.7602,-73.982333,69,21.533
N1_1,40.76265,-73.98,70,21.869
N1_1,40.7651,-73.977667,71,22.205
N1_1,40.76755,-73.975333,72,22.541
N1_1,40.77,-73.973,73,22.876
N1_1,40.772833,-73.97,74,23.28
N1_1,40.775667,-73.967,75,23.684
N1_1,40.7785,-73.964,76,24.088
N1_1,40.781333,-73.961,77,24.492
N1_1,40.784167,-73.958,78,24.895
N1_1,40.787,-73.955,79,25.299
N1_1,40.790467,-73.953433,80,25.707
N1_1,40.793933,-73.951867,81,26.114
N1_1,40.7974,-73.9503,82,26.522
N1_1,40.800867,-73.948733,83,26.929
N1_1,40.804333,-73.947167,84,27.336
N1_1,40.8078,-73.9456,85,27.744
N1_1,40.81785,-73.941,86,28.926
N1_1,40.8279,-73.9364,87,30.109
N1_1,40.83795,-73.9318,88,31.292
N1_1,40.848,-73.9272,89,32.474
N1_1,40.85805,-73.9226,90,33.657
N1_1,40.8681,-73.918,91,34.839
F1_0,40.7046,-74.0067,1,0.0
F1_0,40.704417,-74.00575,2,0.083
F1_0,40.704233,-74.0048,3,0.165
F1_0,40.70405,-74.00385,4,0.248
F1_0,40.703867,-74.0029,5,0.331
F1_0,40.703683,-74.00195,6,0.413
F1_0,40.7035,-74.001,7,0.496
F1_0,40.70295,-74.000317,8,0.58
F1_0,40.7024,-73.999633,9,0.664
F1_0,40.70185,-73.99895,10,0.748
F1_0,40.7013,-73.998267,11,0.832
F1_0,40.70075,-73.997583,12,0.916
F1_0,40.7002,-73.9969,13,1.0
F1_0,40.700717,-73.996267,14,1.078
F1_0,40.701233,-73.995633,15,1.157
F1_0,40.70175,-73.995,16,1.235
F1_0,40.702267,-73.994367,17,1.314
F1_0,40.702783,-73.993733,18,1.392
F1_0,40.7033,-73.9931,19,1.47
F1_0,40.703583,-73.991583,20,1.602
F1_0,40.703867,-73.990067,21,1.734
F1_0,40.70415,-73.98855,22,1.865
F1_0,40.704433,-73.987033,23,1.997
F1_0,40.704717,-73.985517,24,2.129
F1_0,40.705,-73.984,25,2.261
F1_0,40.70555,-73.979517,26,2.643
F1_0,40.7061,-73.975033,27,3.026
F1_0,40.70665,-73.97055,28,3.409
F1_0,40.7072,-73.966067,29,3.792
F1_0,40.70775,-73.961583,30,4.175
F1_0,40.7083,-73.9571,31,4.557
F1_0,40.709717,-73.95875,32,4.768
F1_0,40.711133,-73.9604,33,4.978
F1_0,40.71255,-73.96205,34,5.188
F1_0,40.713967,-73.9637,35,5.398
F1_0,40.715383,-73.96535,36,5.608
F1_0,40.7168,-73.967,37,5.818
F1_0,40.717,-73.966167,38,5.892
F1_0,40.7172,-73.965333,39,5.966
F1_0,40.7174,-73.9645,40,6.039
F1_0,40.7176,-73.963667,41,6.113
F1_0,40.7178,-73.962833,42,6.187
F1_0,40.718,-73.962,43,6.26
F1_0,40.720033,-73.960667,44,6.513
F1_0,40.722067,-73.959333,45,6.765
F1_0,40.7241,-73.958,46,7.018
F1_0,40.726133,-73.956667,47,7.27
F1_0,40.728167,-73.955333,48,7.523
F1_0,40.7302,-73.954,49,7.775
F1_0,40.730833,-73.953667,50,7.851
F1_0,40.731467,-73.953333,51,7.927
F1_0,40.7321,-73.953,52,8.003
F1_0,40.732733,-73.952667,53,8.078
F1_0,40.733367,-73.952333,54,8.154
F1_0,40.734,-73.952,55,8.23
F1_0,40.735717,-73.951483,56,8.426
F1_0,40.737433,-73.950967,57,8.622
F1_0,40.73915,-73.95045,58,8.817
F1_0,40.740867,-73.949933,59,9.013
F1_0,40.742583,-73.949417,60,9.209
F1_0,40.7443,-73.9489,61,9.405
F1_0,40.743417,-73.949917,62,9.535
F1_0,40.742533,-73.950933,63,9.665
F1_0,40.74165,-73.95195,64,9.796
F1_0,40.740767,-73.952967,65,9.926
F1_0,40.739883,-73.953983,66,10.056
F1_0,40.739,-73.955,67,10.187
F1_0,40.739583,-73.956,68,10.293
F1_0,40.740167,-73.957,69,10.399
F1_0,40.74075,-73.958,70,10.506
F1_0,40.741333,-73.959,71,10.612
F1_0,40.741917,-73.96,72,10.718
F1_0,40.7425,-73.961,73,10.825
F1_0,40.74285,-73.9628,74,10.981
F1_0,40.7432,-73.9646,75,11.138
F1_0,40.74355,-73.9664,76,11.294
F1_0,40.7439,-73.9682,77,11.451
F1_0,40.74425,-73.97,78,11.607
F1_0,40.7446,-73.9718,79,11.764
F1_1,40.7446,-73.9718,1,0.0
F1_1,40.74425,-73.97,2,0.157
F1_1,40.7439,-73.9682,3,0.313
F1_1,40.74355,-73.9664,4,0.47
F1_1,40.7432,-73.9646,5,0.626
F1_1,40.74285,-73.9628,6,0.783
F1_1,40.7425,-73.961,7,0.939
F1_1,40.741917,-73.96,8,1.046
F1_1,40.741333,-73.959,9,1.152
F1_1,40.74075,-73.958,10,1.258
F1_1,40.740167,-73.957,11,1.365
F1_1,40.739583,-73.956,12,1.471
F1_1,40.739,-73.955,13,1.577
F1_1,40.739883,-73.953983,14,1.708
F1_1,40.740767,-73.952967,15,1.838
F1_1,40.74165,-73.95195,16,1.968
F1_1,40.742533,-73.950933,17,2.099
F1_1,40.743417,-73.949917,18,2.229
F1_1,40.7443,-73.9489,19,2.359
F1_1,40.742583,-73.949417,20,2.555
F1_1,40.740867,-73.949933,21,2.751
F1_1,40.73915,-73.95045,22,2.947
F1_1,40.737433,-73.950967,23,3.142
F1_1,40.735717,-73.951483,24,3.338
F1_1,40.734,-73.952,25,3.534
F1_1,40.733367,-73.952333,26,3.61
F1_1,40.732733,-73.952667,27,3.686
F1_1,40.7321,-73.953,28,3.761
F1_1,40.731467,-73.953333,29,3.837
F1_1,40.730833,-73.953667,30,3.913
F1_1,40.7302,-73.954,31,3.989
F1_1,40.728167,-73.955333,32,4.241
F1_1,40.726133,-73.956667,33,4.494
F1_1,40.7241,-73.958,34,4.746
F1_1,40.722067,-73.959333,35,4.999
F1_1,40.720033,-73.960667,36,5.251
F1_1,40.718,-73.962,37,5.504
F1_1,40.7178,-73.962833,38,5.577
F1_1,40.7176,-73.963667,39,5.651
F1_1,40.7174,-73.9645,40,5.725
F1_1,40.7172,-73.965333,41,5.798
F1_1,40.717,-73.966167,42,5.872
F1_1,40.7168,-73.967,43,5.946
F1_1,40.715383,-73.96535,44,6.156
F1_1,40.713967,-73.9637,45,6.366
F1_1,40.71255,-73.96205,46,6.576
F1_1,40.711133,-73.9604,47,6.786
F1_1,40.709717,-73.95875,48,6.996
F1_1,40.7083,-73.9571,49,7.207
F1_1,40.70775,-73.961583,50,7.589
F1_1,40.7072,-73.966067,51,7.972
F1_1,40.70665,-73.97055,52,8.355
F1_1,40.7061,-73.975033,53,8.738
F1_1,40.70555,-73.979517,54,9.121
F1_1,40.705,-73.984,55,9.503
F1_1,40.704717,-73.985517,56,9.635
F1_1,40.704433,-73.987033,57,9.767
F1_1,40.70415,-73.98855,58,9.898
F1_1,40.703867,-73.990067,59,10.03
F1_1,40.703583,-73.991583,60,10.162
F1_1,40.7033,-73.9931,61,10.294
F1_1,40.702783,-73.993733,62,10.372
F1_1,40.702267,-73.994367,63,10.45
F1_1,40.70175,-73.995,64,10.529
F1_1,40.701233,-73.995633,65,10.607
F1_1,40.700717,-73.996267,66,10.686
F1_1,40.7002,-73.9969,67,10.764
F1_1,40.70075,-73.997583,68,10.848
F1_1,40.7013,-73.998267,69,10.932
F1_1,40.70185,-73.99895,70,11.016
F1_1,40.7024,-73.999633,71,11.1
F1_1,40.70295,-74.000317,72,11.184
F1_1,40.7035,-74.001,73,11.268
F1_1,40.703683,-74.00195,74,11.351
F1_1,40.703867,-74.0029,75,11.433
F1_1,40.70405,-74.00385,76,11.516
F1_1,40.704233,-74.0048,77,11.599
F1_1,40.704417,-74.00575,78,11.681
F1_1,40.7046,-74.0067,79,11.764
